1;1;0;0;0;0;0;0;0;0;0;0;0;0;0;0;0;0
2;2;0;0;0;0;0;0;0;0;0;0;0;0;0;0;0;0
3;3;0;0;0;0;0;0;0;0;0;0;0;0;0;0;0;0
4;4;0;0;0;0;0;0;0;0;0;0;0;0;0;0;0;0
5;5;0;0;0;0;0;0;0;0;0;0;0;0;0;0;0;0
6;6;0;0;0;1;0;0;0;1;0;0;0;1;0;0;0;1
7;7;0;1;0;1;0;1;0;1;0;1;0;1;0;1;0;1
8;8;3;3;0;0;3;3;0;0;0;3;0;0;0;3;0;0
9;9;2;2;1;2;2;2;1;2;0;2;0;2;0;2;0;2
10;10;1;2;3;3;1;2;3;3;0;2;0;3;0;2;0;3
11;11;0;1;1;5;0;1;1;5;0;1;0;5;0;1;0;5
12;12;1;1;5;6;1;1;5;6;0;1;0;6;0;1;0;6
13;13;2;2;6;6;2;2;6;6;0;2;0;6;0;2;0;6
14;14;1;2;6;6;1;2;6;6;0;2;0;6;0;2;0;6
15;15;3;3;7;7;3;3;7;7;0;3;0;7;0;3;0;7
16;16;3;3;6;8;3;3;6;8;0;3;0;8;0;3;0;8
17;17;1;2;10;9;1;2;10;9;0;2;0;9;0;2;0;9
18;18;4;3;9;6;4;3;9;6;0;2;0;5;0;2;0;5
19;19;1;2;8;12;1;2;8;12;0;2;0;12;0;2;0;12
20;20;3;4;9;11;3;4;9;11;0;4;0;10;0;4;0;10
21;21;3;4;11;12;3;4;11;12;0;4;0;12;0;4;0;12
22;22;2;2;14;14;2;2;14;14;0;2;0;12;0;2;0;12
23;23;2;2;13;16;2;2;13;16;0;2;0;16;0;2;0;16
24;24;3;3;15;16;3;3;15;16;0;3;0;16;0;3;0;16
25;25;4;4;12;15;4;4;12;15;0;4;0;15;0;4;0;15
26;26;2;2;19;19;2;2;19;19;0;2;0;16;0;2;0;16
27;27;2;4;13;18;2;4;13;18;0;3;0;16;0;3;0;16
28;28;2;2;16;20;2;2;16;20;0;2;0;20;0;2;0;20
29;29;3;3;18;20;3;3;18;20;0;3;0;19;0;3;0;19
30;30;3;4;17;21;3;4;17;21;0;4;0;20;0;4;0;20
31;31;5;5;18;21;5;5;18;21;0;5;0;20;0;5;0;20
32;32;3;4;11;23;3;4;11;23;0;4;0;22;0;4;0;22
33;33;3;4;24;23;3;4;24;23;0;4;0;23;0;4;0;23
34;34;4;4;20;25;4;4;20;25;0;3;0;24;0;3;0;24
35;35;3;4;26;26;3;4;26;26;0;4;0;26;0;4;0;26
36;36;4;4;24;26;4;4;24;26;0;4;0;23;0;4;0;23
37;37;4;5;25;27;4;5;25;27;0;4;0;21;0;4;0;21
38;38;3;4;10;29;3;4;10;29;0;4;0;29;0;4;0;29
39;39;1;2;28;30;1;2;28;30;0;2;0;30;0;2;0;30
40;40;5;5;26;28;5;5;26;28;0;5;0;28;0;5;0;28
41;41;5;4;31;30;5;4;31;30;0;4;0;29;0;4;0;29
42;42;4;4;31;33;4;4;31;33;0;4;0;33;0;4;0;33
43;43;4;4;34;30;4;4;34;30;0;4;0;30;0;4;0;30
44;44;4;5;28;34;4;5;28;34;0;5;0;34;0;5;0;34
45;45;4;3;36;36;4;3;36;36;0;3;0;36;0;3;0;36
46;46;4;2;34;34;4;2;34;34;0;2;0;29;0;2;0;29
47;47;3;3;37;39;3;3;37;39;0;3;0;39;0;3;0;39
48;48;4;5;33;38;4;5;33;38;0;5;0;38;0;5;0;38
49;49;4;4;39;34;4;4;39;34;0;3;0;27;0;3;0;27
50;50;5;5;40;40;5;5;40;40;0;5;0;40;0;5;0;40
51;51;4;4;41;42;4;4;41;42;0;4;0;42;0;4;0;42
52;52;5;5;42;41;5;5;42;41;0;2;0;32;0;2;0;32
53;53;0;0;29;34;0;0;29;34;0;0;0;34;0;0;0;34
54;54;4;4;44;44;4;4;44;44;0;4;0;36;0;4;0;36
55;55;4;4;46;46;4;4;46;46;0;2;0;40;0;2;0;40
56;56;4;5;44;46;4;5;44;46;0;5;0;46;0;5;0;46
57;57;3;5;34;38;3;5;34;38;0;5;0;38;0;5;0;38
58;58;5;5;44;45;5;5;44;45;0;4;0;36;0;4;0;36
59;59;4;5;40;47;4;5;40;47;0;4;0;40;0;4;0;40
60;60;3;4;41;51;3;4;41;51;0;4;0;51;0;4;0;51
61;61;4;5;50;51;4;5;50;51;0;3;0;49;0;3;0;49
62;62;3;3;46;49;3;3;46;49;0;3;0;49;0;3;0;49
63;63;2;2;39;55;2;2;39;55;0;2;0;55;0;2;0;55
64;64;4;4;44;54;4;4;44;54;0;4;0;50;0;4;0;50
65;65;5;5;52;47;5;5;52;47;0;5;0;47;0;5;0;47
66;66;4;4;57;55;4;4;57;55;0;4;0;55;0;4;0;55
67;67;4;5;50;57;4;5;50;57;0;5;0;55;0;5;0;55
68;68;5;5;57;58;5;5;57;58;0;5;0;51;0;5;0;51
69;69;4;4;51;58;4;4;51;58;0;3;0;52;0;3;0;52
70;70;4;4;59;60;4;4;59;60;0;4;0;53;0;4;0;53
71;71;4;4;57;57;4;4;57;57;0;4;0;57;0;4;0;57
72;72;4;4;61;61;4;4;61;61;0;4;0;51;0;4;0;51
73;73;4;4;62;60;4;4;62;60;0;4;0;55;0;4;0;55
74;74;3;3;56;66;3;3;56;66;0;3;0;61;0;3;0;61
75;75;5;5;65;62;5;5;65;62;0;5;0;60;0;5;0;60
76;76;3;3;66;67;3;3;66;67;0;3;0;56;0;3;0;56
77;77;2;2;63;70;2;2;63;70;0;2;0;70;0;2;0;70
78;78;4;4;65;68;4;4;65;68;0;4;0;68;0;4;0;68
79;79;4;5;69;69;4;5;69;69;0;5;0;69;0;5;0;69
80;80;4;4;64;71;4;4;64;71;0;4;0;71;0;4;0;71
81;81;5;5;56;70;5;5;56;70;0;5;0;65;0;5;0;65
82;82;3;3;65;73;3;3;65;73;0;3;0;72;0;3;0;72
83;83;4;3;73;70;4;3;73;70;0;3;0;70;0;3;0;70
84;84;4;4;70;75;4;4;70;75;0;4;0;66;0;4;0;66
85;85;5;4;74;69;5;4;74;69;0;4;0;69;0;4;0;69
86;86;3;3;69;75;3;3;69;75;0;3;0;75;0;3;0;75
87;87;4;5;67;76;4;5;67;76;0;5;0;76;0;5;0;76
88;88;3;3;69;79;3;3;69;79;0;3;0;79;0;3;0;79
89;89;3;4;74;78;3;4;74;78;0;4;0;78;0;4;0;78
90;90;5;4;76;74;5;4;76;74;0;4;0;73;0;4;0;73
91;91;3;4;63;77;3;4;63;77;0;4;0;76;0;4;0;76
92;92;5;5;72;71;5;5;72;71;0;5;0;60;0;5;0;60
93;93;3;4;73;84;3;4;73;84;0;4;0;84;0;4;0;84
94;94;4;4;75;80;4;4;75;80;0;4;0;76;0;4;0;76
95;95;5;2;83;74;5;2;83;74;0;2;0;73;0;2;0;73
96;96;2;4;81;82;2;4;81;82;0;4;0;70;0;4;0;70
97;97;4;4;76;84;4;4;76;84;0;4;0;84;0;4;0;84
98;98;3;4;59;89;3;4;59;89;0;4;0;89;0;4;0;89
99;99;5;4;83;85;5;4;83;85;0;4;0;85;0;4;0;85
100;100;4;4;81;86;4;4;81;86;0;4;0;86;0;4;0;86
