1;1;0;0;0;0;0;0;0;0;0;0;0;0;0;0;0;0
2;2;0;0;0;0;0;0;0;0;0;0;0;0;0;0;0;0
3;3;0;0;0;0;0;0;0;0;0;0;0;0;0;0;0;0
4;4;0;0;0;0;0;0;0;0;0;0;0;0;0;0;0;0
5;5;0;0;0;0;0;0;0;0;0;0;0;0;0;0;0;0
6;6;0;1;0;0;0;1;0;0;0;1;0;0;0;1;0;0
7;7;0;1;0;1;0;1;0;1;0;1;0;1;0;1;0;1
8;8;2;2;1;0;2;2;1;0;0;2;0;0;0;2;0;0
9;9;0;2;2;1;0;2;2;1;0;2;0;1;0;2;0;1
10;10;0;2;1;3;0;2;1;3;0;2;0;3;0;2;0;3
11;11;1;2;3;4;1;2;3;4;0;2;0;2;0;2;0;2
12;12;4;5;1;1;4;5;1;1;0;5;0;1;0;5;0;1
13;13;4;5;2;2;4;5;2;2;0;5;0;2;0;5;0;2
14;14;7;7;2;2;7;7;2;2;0;6;0;2;0;6;0;2
15;15;7;7;3;3;7;7;3;3;0;7;0;3;0;7;0;3
16;16;8;7;3;2;8;7;3;2;0;7;0;2;0;7;0;2
17;17;9;9;3;3;9;9;3;3;0;9;0;3;0;9;0;3
18;18;9;10;3;3;9;10;3;3;0;10;0;3;0;10;0;3
19;19;10;10;3;2;10;10;3;2;0;10;0;2;0;10;0;2
20;20;4;13;0;0;4;13;0;0;0;13;0;0;0;13;0;0
21;21;11;11;5;5;11;11;5;5;0;11;0;5;0;11;0;5
22;22;11;13;4;4;11;13;4;4;0;13;0;4;0;13;0;4
23;23;15;14;2;2;15;14;2;2;0;14;0;2;0;14;0;2
24;24;12;17;1;2;12;17;1;2;0;15;0;2;0;15;0;2
25;25;12;16;3;4;12;16;3;4;0;16;0;4;0;16;0;4
26;26;14;13;3;3;14;13;3;3;0;13;0;3;0;13;0;3
27;27;11;18;2;3;11;18;2;3;0;17;0;3;0;17;0;3
28;28;17;21;0;2;17;21;0;2;0;21;0;2;0;21;0;2
29;29;19;21;2;3;19;21;2;3;0;21;0;3;0;21;0;3
30;30;21;19;3;4;21;19;3;4;0;19;0;4;0;19;0;4
31;31;20;22;4;4;20;22;4;4;0;22;0;4;0;22;0;4
32;32;20;23;2;3;20;23;2;3;0;23;0;3;0;23;0;3
33;33;18;22;4;5;18;22;4;5;0;20;0;5;0;20;0;5
34;34;24;24;4;4;24;24;4;4;0;22;0;3;0;22;0;3
35;35;26;27;3;3;26;27;3;3;0;27;0;3;0;27;0;3
36;36;26;28;3;3;26;28;3;3;0;28;0;3;0;28;0;3
37;37;22;27;4;4;22;27;4;4;0;27;0;4;0;27;0;4
38;38;25;29;2;3;25;29;2;3;0;25;0;3;0;25;0;3
39;39;30;30;4;4;30;30;4;4;0;30;0;4;0;30;0;4
40;40;27;31;4;4;27;31;4;4;0;31;0;4;0;31;0;4
41;41;14;30;1;3;14;30;1;3;0;30;0;3;0;30;0;3
42;42;27;31;3;3;27;31;3;3;0;29;0;2;0;29;0;2
43;43;28;33;5;5;28;33;5;5;0;32;0;5;0;32;0;5
44;44;34;34;4;4;34;34;4;4;0;34;0;4;0;34;0;4
45;45;29;32;3;3;29;32;3;3;0;26;0;2;0;26;0;2
46;46;38;33;3;3;38;33;3;3;0;32;0;3;0;32;0;3
47;47;39;39;3;3;39;39;3;3;0;39;0;3;0;39;0;3
48;48;38;38;4;4;38;38;4;4;0;38;0;4;0;38;0;4
49;49;38;40;2;3;38;40;2;3;0;38;0;3;0;38;0;3
50;50;36;40;2;3;36;40;2;3;0;39;0;3;0;39;0;3
51;51;42;42;4;4;42;42;4;4;0;36;0;4;0;36;0;4
52;52;43;43;3;4;43;43;3;4;0;40;0;3;0;40;0;3
53;53;38;43;5;5;38;43;5;5;0;38;0;5;0;38;0;5
54;54;37;41;3;3;37;41;3;3;0;41;0;3;0;41;0;3
55;55;44;47;1;3;44;47;1;3;0;39;0;3;0;39;0;3
56;56;39;44;1;4;39;44;1;4;0;44;0;4;0;44;0;4
57;57;47;49;3;3;47;49;3;3;0;49;0;3;0;49;0;3
58;58;47;49;4;4;47;49;4;4;0;39;0;3;0;39;0;3
59;59;49;50;4;4;49;50;4;4;0;47;0;4;0;47;0;4
60;60;45;50;5;5;45;50;5;5;0;45;0;5;0;45;0;5
61;61;51;48;4;4;51;48;4;4;0;47;0;4;0;47;0;4
62;62;39;49;4;5;39;49;4;5;0;49;0;5;0;49;0;5
63;63;47;52;4;4;47;52;4;4;0;37;0;2;0;37;0;2
64;64;54;51;4;4;54;51;4;4;0;49;0;4;0;49;0;4
65;65;45;53;3;4;45;53;3;4;0;53;0;4;0;53;0;4
66;66;55;53;5;4;55;53;5;4;0;50;0;4;0;50;0;4
67;67;48;56;3;5;48;56;3;5;0;50;0;2;0;50;0;2
68;68;57;57;5;5;57;57;5;5;0;57;0;5;0;57;0;5
69;69;55;59;3;4;55;59;3;4;0;55;0;4;0;55;0;4
70;70;60;59;5;5;60;59;5;5;0;46;0;3;0;46;0;3
71;71;45;52;3;4;45;52;3;4;0;39;0;2;0;39;0;2
72;72;60;53;3;2;60;53;3;2;0;53;0;2;0;53;0;2
73;73;59;61;4;4;59;61;4;4;0;61;0;4;0;61;0;4
74;74;35;59;2;4;35;59;2;4;0;57;0;4;0;57;0;4
75;75;65;58;4;3;65;58;4;3;0;58;0;3;0;58;0;3
76;76;63;66;4;5;63;66;4;5;0;66;0;5;0;66;0;5
77;77;65;64;4;5;65;64;4;5;0;64;0;5;0;64;0;5
78;78;61;69;4;4;61;69;4;4;0;69;0;4;0;69;0;4
79;79;68;70;4;4;68;70;4;4;0;70;0;4;0;70;0;4
80;80;70;68;5;5;70;68;5;5;0;68;0;5;0;68;0;5
81;81;62;69;5;5;62;69;5;5;0;69;0;5;0;69;0;5
82;82;61;65;4;4;61;65;4;4;0;57;0;3;0;57;0;3
83;83;72;72;4;5;72;72;4;5;0;63;0;4;0;63;0;4
84;84;72;73;3;2;72;73;3;2;0;73;0;2;0;73;0;2
85;85;72;73;4;3;72;73;4;3;0;73;0;3;0;73;0;3
86;86;72;77;4;4;72;77;4;4;0;77;0;4;0;77;0;4
87;87;67;74;5;5;67;74;5;5;0;74;0;5;0;74;0;5
88;88;72;78;5;5;72;78;5;5;0;74;0;5;0;74;0;5
89;89;66;71;5;5;66;71;5;5;0;71;0;5;0;71;0;5
90;90;79;75;4;4;79;75;4;4;0;73;0;4;0;73;0;4
91;91;82;82;4;4;82;82;4;4;0;80;0;4;0;80;0;4
92;92;81;79;5;4;81;79;5;4;0;70;0;4;0;70;0;4
93;93;84;84;3;3;84;84;3;3;0;84;0;3;0;84;0;3
94;94;78;84;3;3;78;84;3;3;0;82;0;3;0;82;0;3
95;95;83;83;5;5;83;83;5;5;0;83;0;5;0;83;0;5
96;96;79;83;2;3;79;83;2;3;0;83;0;3;0;83;0;3
97;97;77;87;5;5;77;87;5;5;0;87;0;5;0;87;0;5
98;98;85;88;5;5;85;88;5;5;0;80;0;5;0;80;0;5
99;99;47;89;3;4;47;89;3;4;0;76;0;3;0;76;0;3
100;100;82;90;4;4;82;90;4;4;0;90;0;4;0;90;0;4
