1;1;0;0;0;0;0;0;0;0;0;0;0;0;0;0;0;0
2;2;0;0;0;0;0;0;0;0;0;0;0;0;0;0;0;0
3;3;0;0;0;0;0;0;0;0;0;0;0;0;0;0;0;0
4;4;0;0;0;0;0;0;0;0;0;0;0;0;0;0;0;0
5;5;0;0;0;0;0;0;0;0;0;0;0;0;0;0;0;0
6;6;0;0;1;1;0;0;1;1;0;0;0;1;0;0;0;1
7;7;0;0;2;2;0;0;2;2;0;0;2;2;0;0;2;2
8;8;0;0;3;2;0;0;3;2;0;0;1;2;0;0;1;2
9;9;0;0;4;4;0;0;4;4;0;0;4;3;0;0;4;3
10;10;0;0;4;5;0;0;4;5;0;0;4;5;0;0;4;5
11;11;1;1;5;5;1;1;5;5;0;1;5;5;0;1;5;5
12;12;2;2;5;5;2;2;5;5;0;2;2;4;0;2;2;4
13;13;2;3;5;5;2;3;5;5;0;3;3;5;0;3;3;5
14;14;3;4;4;5;3;4;4;5;0;4;2;4;0;4;2;4
15;15;5;4;5;5;5;4;5;5;0;3;2;4;0;3;2;4
16;16;6;6;5;5;6;6;5;5;0;5;4;5;0;5;4;5
17;17;6;6;5;5;6;6;5;5;0;6;2;4;0;6;2;4
18;18;5;7;4;5;5;7;4;5;0;7;1;5;0;7;1;5
19;19;9;9;4;3;9;9;4;3;0;9;3;3;0;9;3;3
20;20;8;10;5;5;8;10;5;5;0;9;2;5;0;9;2;5
21;21;8;10;5;5;8;10;5;5;0;10;3;5;0;10;3;5
22;22;8;12;3;4;8;12;3;4;0;12;3;4;0;12;3;4
23;23;11;11;5;5;11;11;5;5;0;10;3;5;0;10;3;5
24;24;10;10;4;5;10;10;4;5;0;9;2;5;0;9;2;5
25;25;9;15;3;4;9;15;3;4;0;15;0;4;0;15;0;4
26;26;16;12;5;5;16;12;5;5;0;12;3;5;0;12;3;5
27;27;17;16;5;5;17;16;5;5;0;16;4;5;0;16;4;5
28;28;9;18;4;5;9;18;4;5;0;14;3;5;0;14;3;5
29;29;17;18;5;5;17;18;5;5;0;18;2;5;0;18;2;5
30;30;20;20;5;3;20;20;5;3;0;20;2;3;0;20;2;3
31;31;18;21;5;5;18;21;5;5;0;20;3;5;0;20;3;5
32;32;20;22;5;5;20;22;5;5;0;22;2;5;0;22;2;5
33;33;22;22;5;5;22;22;5;5;0;22;1;5;0;22;1;5
34;34;23;23;5;5;23;23;5;5;0;22;3;5;0;22;3;5
35;35;22;25;4;5;22;25;4;5;0;25;3;3;0;25;3;3
36;36;26;23;5;4;26;23;5;4;0;20;1;4;0;20;1;4
37;37;27;21;5;4;27;21;5;4;0;16;2;4;0;16;2;4
38;38;26;24;4;4;26;24;4;4;0;23;1;4;0;23;1;4
39;39;29;29;5;5;29;29;5;5;0;24;2;5;0;24;2;5
40;40;23;30;4;5;23;30;4;5;0;30;1;5;0;30;1;5
41;41;30;30;4;5;30;30;4;5;0;30;0;4;0;30;0;4
42;42;31;31;5;5;31;31;5;5;0;23;0;5;0;23;0;5
43;43;28;29;4;5;28;29;4;5;0;29;3;5;0;29;3;5
44;44;28;34;5;5;28;34;5;5;0;23;2;3;0;23;2;3
45;45;31;33;5;5;31;33;5;5;0;29;1;4;0;29;1;4
46;46;32;33;4;5;32;33;4;5;0;31;0;5;0;31;0;5
47;47;30;35;5;5;30;35;5;5;0;35;0;5;0;35;0;5
48;48;37;38;3;5;37;38;3;5;0;38;2;5;0;38;2;5
49;49;39;37;5;5;39;37;5;5;0;37;1;5;0;37;1;5
50;50;40;40;5;3;40;40;5;3;0;40;2;3;0;40;2;3
51;51;27;40;4;5;27;40;4;5;0;38;0;5;0;38;0;5
52;52;38;35;5;5;38;35;5;5;0;32;1;4;0;32;1;4
53;53;33;41;3;4;33;41;3;4;0;36;3;4;0;36;3;4
54;54;42;39;5;4;42;39;5;4;0;35;3;3;0;35;3;3
55;55;43;42;5;4;43;42;5;4;0;39;1;4;0;39;1;4
56;56;46;44;4;5;46;44;4;5;0;44;0;5;0;44;0;5
57;57;45;43;4;5;45;43;4;5;0;42;0;4;0;42;0;4
58;58;46;47;5;5;46;47;5;5;0;47;0;5;0;47;0;5
59;59;42;48;5;5;42;48;5;5;0;47;1;5;0;47;1;5
60;60;39;49;4;5;39;49;4;5;0;49;1;5;0;49;1;5
61;61;49;49;5;5;49;49;5;5;0;48;0;5;0;48;0;5
62;62;49;43;3;4;49;43;3;4;0;43;0;4;0;43;0;4
63;63;40;52;4;5;40;52;4;5;0;50;0;5;0;50;0;5
64;64;30;54;5;5;30;54;5;5;0;54;2;5;0;54;2;5
65;65;55;52;5;5;55;52;5;5;0;44;1;5;0;44;1;5
66;66;56;53;5;5;56;53;5;5;0;53;1;5;0;53;1;5
67;67;51;55;5;4;51;55;5;4;0;49;0;4;0;49;0;4
68;68;46;58;5;5;46;58;5;5;0;58;1;5;0;58;1;5
69;69;51;59;4;5;51;59;4;5;0;59;0;5;0;59;0;5
70;70;58;60;5;5;58;60;5;5;0;60;0;5;0;60;0;5
71;71;47;61;5;4;47;61;5;4;0;61;1;4;0;61;1;4
72;72;57;56;5;5;57;56;5;5;0;56;0;5;0;56;0;5
73;73;54;62;3;5;54;62;3;5;0;62;0;5;0;62;0;5
74;74;62;61;4;5;62;61;4;5;0;61;1;5;0;61;1;5
75;75;28;60;3;5;28;60;3;5;0;60;1;5;0;60;1;5
76;76;63;65;5;5;63;65;5;5;0;65;0;5;0;65;0;5
77;77;63;66;5;5;63;66;5;5;0;66;0;5;0;66;0;5
78;78;52;67;5;5;52;67;5;5;0;66;2;5;0;66;2;5
79;79;58;68;3;5;58;68;3;5;0;60;1;5;0;60;1;5
80;80;58;70;5;5;58;70;5;5;0;66;0;5;0;66;0;5
81;81;65;70;5;5;65;70;5;5;0;70;1;5;0;70;1;5
82;82;70;72;5;5;70;72;5;5;0;72;0;5;0;72;0;5
83;83;68;72;5;5;68;72;5;5;0;72;0;5;0;72;0;5
84;84;74;74;5;5;74;74;5;5;0;74;2;5;0;74;2;5
85;85;75;68;5;5;75;68;5;5;0;59;0;5;0;59;0;5
86;86;65;76;5;5;65;76;5;5;0;76;3;5;0;76;3;5
87;87;75;67;5;3;75;67;5;3;0;62;1;3;0;62;1;3
88;88;61;72;4;5;61;72;4;5;0;72;0;5;0;72;0;5
89;89;76;74;3;5;76;74;3;5;0;74;0;5;0;74;0;5
90;90;77;72;4;4;77;72;4;4;0;62;0;4;0;62;0;4
91;91;43;78;3;5;43;78;3;5;0;78;1;5;0;78;1;5
92;92;77;81;5;5;77;81;5;5;0;81;0;5;0;81;0;5
93;93;78;78;5;4;78;78;5;4;0;65;0;4;0;65;0;4
94;94;80;80;5;5;80;80;5;5;0;80;0;5;0;80;0;5
95;95;85;65;5;5;85;65;5;5;0;52;0;5;0;52;0;5
96;96;61;80;4;5;61;80;4;5;0;80;2;5;0;80;2;5
97;97;63;83;4;5;63;83;4;5;0;78;0;5;0;78;0;5
98;98;87;85;5;5;87;85;5;5;0;74;1;4;0;74;1;4
99;99;88;88;5;5;88;88;5;5;0;72;0;4;0;72;0;4
100;100;69;86;4;5;69;86;4;5;0;86;0;5;0;86;0;5
